MSOA21CD,%_Owned-Outright,%_Own-mortgage,%_Own-Share,%_Social-rent,%_Private-rent,%_Rent-free,Empty %
E02000002,17.180616740088105,24.703490342256863,0.3388681802778719,40.630294815316844,14.13080311758726,0.27109454422229756,2.7448322602507624
E02000003,22.91413281440039,30.260277304792023,0.5837995621503284,12.697640476769642,29.117003162247627,0.024324981756263683,4.402821697883726
E02000004,27.177554438860973,37.437185929648244,0.6700167504187605,15.619765494137352,15.745393634840871,0.04187604690117253,3.30820770519263
E02000005,15.441761740514725,34.4919076678164,1.2470151233749005,24.19739984080658,20.668612364022287,0.21225789334040857,3.7410453701247017
E02000007,12.483539636555175,25.783513299973666,1.5801948907031866,40.8743745061891,15.854622070055308,0.23702923360547798,3.186726362918093
E02000008,14.27675585284281,28.0309364548495,0.9406354515050168,34.32274247491639,18.87541806020067,0.229933110367893,3.3235785953177257
E02000009,10.843096714909258,24.67263955892488,1.8148403399954054,33.769813921433496,26.510452561451874,0.11486331265793705,2.2742935906271535
E02000010,14.164471758852795,28.12408545507755,1.434006438396254,32.74802458296752,20.836991513023122,0.11706175007316359,2.5753585016095992
E02000011,23.501006036217305,29.175050301810867,0.5633802816901409,14.124748490945674,27.323943661971832,0.0,5.311871227364185
E02000012,25.138686131386862,39.56204379562044,0.291970802919708,11.737226277372264,19.27007299270073,0.0,4.0
E02000013,14.212740384615385,25.69110576923077,0.6310096153846154,36.237980769230774,20.703125,0.33052884615384615,2.1935096153846154
E02000014,14.038031319910516,25.307606263982102,0.5033557046979865,33.75279642058165,21.001118568232663,0.13982102908277405,5.257270693512305
E02000015,11.599133931333128,17.35230436127436,2.072378595731519,44.2932261057841,18.342097123414785,0.12372409526755336,6.2171357871945565
E02000016,5.3438891637803065,12.617516081147947,4.403760514596734,32.48391885205344,39.13904007916873,0.2721425037110341,5.739732805541811
E02000017,19.781346088144858,24.154424325247696,0.40997608472839087,10.112743423300309,40.006832934745475,0.0683293474547318,5.466347796378544
E02000018,12.586155229247828,25.74168414743782,0.5693736889421637,36.58975127359904,21.156727599640394,0.2097692538207971,3.146538807311957
E02000019,12.184115523465703,28.008423586040916,2.256317689530686,34.356197352587245,19.614921780986762,0.09025270758122744,3.489771359807461
E02000020,10.907594155175962,27.701173080880842,3.6633052068326815,30.047334842560197,23.358715785140976,0.5556698909240585,3.766207038485285
E02000021,17.656500802568218,26.869983948635635,0.9309791332263242,19.58266452648475,28.764044943820227,0.2568218298555377,5.93900481540931
E02000022,3.7871033776867966,12.691914022517912,6.891845786421016,46.912316615489594,24.872057318321392,0.2729443875810304,4.571818491982259
E02000023,6.926097822206355,21.528025705105318,1.7136736879685828,45.805069617993574,18.921813637986435,0.1785076758300607,4.926811852909675
E02006799,13.408239700374533,27.490636704119854,1.8726591760299627,29.662921348314608,24.49438202247191,0.19975031210986266,2.871410736579276
E02000024,35.44413226712773,29.88977739355954,0.7996542035876377,7.283336935379295,23.27642100713205,0.02161227577263886,3.2850659174411065
E02000025,27.32423383981458,27.78779294360031,0.84985835694051,14.035539531290238,26.39711563224311,0.05150656708730364,3.5539531290239506
E02000026,37.29142413659294,32.402017850213426,0.8149010477299184,5.626697710516105,21.303841676367867,0.0,2.561117578579744
E02000027,24.097664543524417,28.18471337579618,1.9639065817409767,28.317409766454354,15.127388535031846,0.10615711252653928,2.20276008492569
E02000028,31.29716133668703,30.614444843693857,0.32339202299676606,5.246137261947538,29.141214516708587,0.17966223499820336,3.19798778296802
E02000029,24.47368421052632,30.763157894736842,0.3157894736842105,9.0,32.921052631578945,0.05263157894736842,2.473684210526316
E02000030,38.59983655679651,33.178970307818034,0.2451648052301825,10.760010896213567,13.075456278943069,0.0,4.140561154998638
E02000031,30.572887124220077,31.962563811684632,2.949517867271696,5.672149744753262,23.170731707317074,0.02836074872376631,5.643788996029495
E02000032,41.17017481270068,39.065287192293965,0.392436674991081,3.3892258294684265,13.877987870139135,0.0,2.104887620406707
E02000033,30.388593793681856,30.835896002236513,1.8451216102879506,13.055633212188985,21.554375174727426,0.0,2.3203802068772714
E02000034,27.98177432323774,29.32189761458054,1.5813454837845082,9.059233449477352,28.196194049852586,0.02680246582685607,3.832752613240418
E02000035,26.032171581769436,21.715817694369974,0.5361930294906166,9.571045576407506,36.72922252010724,0.05361930294906167,5.361930294906166
E02000036,27.708179808400885,30.655858511422256,0.9825595676737903,12.257430606730534,25.300908867600096,0.024563989191844753,3.0704986489805943
E02000037,29.659685863874348,31.49214659685864,2.8795811518324608,13.37696335078534,19.816753926701573,0.07853403141361257,2.696335078534031
E02000038,26.609236659487916,30.222541277817662,0.3110792055515674,9.619526202440776,28.97822445561139,0.0957166786312515,4.1636755204594404
E02000039,29.9190425906371,33.438929954241466,0.1407954945441746,4.0126715945089755,26.504751847940867,0.0,5.98380851812742
E02000040,24.48339000784724,31.938268375621238,1.831022756997123,16.26994506931729,17.237771383730056,0.0523149359142035,8.187287470572848
E02000041,26.733238231098433,23.281027104136946,0.5706134094151213,10.35663338088445,33.951497860199716,0.028530670470756064,5.078459343794579
E02000042,23.993526198664778,21.08031559781509,0.2832288084159417,6.494031964394092,43.47562209184706,0.10115314586283633,4.572122193000203
E02000043,35.55956678700361,31.841155234657037,0.3249097472924188,2.1299638989169676,26.353790613718413,0.036101083032490974,3.7545126353790614
E02000044,18.090452261306535,24.183417085427138,1.507537688442211,26.53894472361809,26.00502512562814,0.09422110552763818,3.580402010050251
E02000045,21.026951672862452,25.092936802973973,0.7899628252788103,20.724907063197026,29.763011152416357,0.23234200743494424,2.369888475836431
E02000046,22.51068024975353,21.130463358527766,0.5257969109431483,3.581991455800197,46.86164968780808,0.0,5.389418337167269
E02000047,15.923129718599863,18.80576527110501,1.1896591169068862,29.90162434225578,30.26767330130405,0.22878059940517045,3.683367650423244
E02000048,29.934924078091107,30.995420583273077,0.2410219329959026,5.037358399614365,28.994938539407084,0.0,4.796336466618462
E02000049,7.117255504352278,19.022017409114184,3.686635944700461,49.257552483358936,17.869943676395287,0.38402457757296465,2.6625704045058884
E02000050,22.429459588713534,23.362027737924436,1.099952175992348,24.19894787183166,25.03586800573888,0.3347680535628886,3.5389765662362507
E02000051,30.34923757993114,20.929660600098376,0.1967535661583866,5.017215937038859,36.7437284800787,0.024594195769798325,6.7388096409247416
E02000052,24.54086317722681,24.2653810835629,0.3213957759412305,15.5188246097337,31.450872359963267,0.13774104683195593,3.7649219467401287
E02000054,21.20051085568327,22.701149425287355,0.7662835249042145,5.9067688378033205,44.28480204342273,0.0,5.140485312899106
E02000055,19.038701622971285,16.52101539741989,0.2913025384935497,11.319184352892218,46.48356221389929,0.04161464835622139,6.30461922596754
E02000056,35.13218860724993,28.754428999727445,0.35431997819569366,5.669119651131099,23.875715453802126,0.0,6.214227309893704
E02000057,21.659146129816037,21.2079139187782,0.17355085039916696,7.358556056924678,43.45713293995141,0.03471017007983339,6.108989934050677
E02000058,31.097279852466574,21.968649147072384,0.23052097740894423,5.509451360073767,35.569386814200094,0.06915629322268327,5.555555555555555
E02000059,18.549925800296798,22.25991096035616,0.8267966928132288,15.263938944244224,37.015051939792244,0.0847996608013568,5.999576001695993
E02000060,22.98183652875883,19.021190716448032,0.4288597376387487,7.84561049445005,42.9364278506559,0.025227043390514632,6.760847628657921
E02000061,23.664321084180347,17.722178785509513,0.36486838676048994,3.3880635913474064,47.87594474850143,0.10424811050299713,6.880375293197811
E02000062,15.238095238095239,13.91941391941392,1.098901098901099,26.22710622710623,39.010989010989015,0.2564102564102564,4.249084249084249
E02000063,23.294509151414307,18.535773710482527,0.7653910149750416,7.420965058236273,44.22628951747088,0.06655574043261231,5.690515806988353
E02000064,17.846258042668474,19.878090077886895,0.9143244158482898,23.19674906874365,31.49339654588554,0.2031832035218422,6.46799864544531
E02006953,7.568969582645603,18.321150672011317,3.607639707616128,14.006130629568498,47.229427021928785,0.21221410044800754,9.054468285781656
E02006954,14.837712519319938,18.856259659969087,3.967027305512622,19.654817104585266,38.4080370942813,0.10303967027305513,4.1731066460587325
E02000065,12.824897400820792,27.599179206566347,0.5129958960328317,27.428180574555405,25.957592339261286,0.615595075239398,5.06155950752394
E02000066,14.16116248348745,15.033025099075298,0.2906208718626156,45.9445178335535,17.96565389696169,0.31704095112285335,6.2879788639365914
E02000067,18.784136784611732,28.18807884113037,0.5699358822132511,19.092852054143908,27.831868914747094,0.11873664212776064,5.414390881025884
E02000068,14.755043227665707,23.314121037463977,4.610951008645533,27.146974063400574,22.13256484149856,0.08645533141210375,7.953890489913545
E02000069,28.067169294037015,34.78409869773817,2.844413982179575,13.879369431117203,16.68951336531871,0.06854009595613435,3.666895133653187
E02000070,40.1468788249694,34.05752753977968,1.2239902080783354,7.741738066095472,12.91309669522644,0.0,3.916768665850673
E02000071,33.24222753672703,35.08711991800478,0.47830543218312266,13.973351554492655,14.041680901947387,0.0341646737273659,3.143149982917663
E02000072,13.175606771364471,31.490923924128083,2.223128696716296,32.89822557617785,15.704670609830714,0.12237405669997961,4.385070365082602
E02000073,42.8254984001969,41.86561653950283,0.4676347526458282,4.011813930593157,8.171301993600789,0.0,2.658134383460497
E02000074,18.980326960376836,27.514546965918534,3.768356885563868,35.74397339983375,10.917151565530618,0.11083402604599613,2.9648101967303964
E02000075,47.084233261339094,35.112619561863625,0.21598272138228944,5.553841406973156,9.194692995988893,0.0,2.8386300524529466
E02000077,34.63965459980073,39.621388243108605,0.5313849219528396,10.129525074726004,12.58718033875789,0.06642311524410495,2.4244437064098308
E02000078,38.45906902086678,42.632423756019264,0.6741573033707865,5.200642054574639,10.016051364365971,0.03210272873194221,2.985553772070626
E02000079,34.12719183459828,32.87097618424496,2.093692750588851,5.365087673383931,19.34048678356451,0.05234231876472127,6.15022245485475
E02000080,36.69863705199394,36.875315497223625,1.337708228167592,6.082786471479051,15.295305401312467,0.0,3.7102473498233217
E02000081,36.13171165826164,34.58914268762978,0.6229605458320974,13.794126371996441,12.132898249777515,0.0,2.7291604865025216
E02000082,39.161235477472374,44.77189005383961,0.45338622839331255,2.2669311419665625,10.881269481439501,0.0,2.465287616888637
E02000083,24.225473321858864,36.76850258175559,1.6996557659208262,17.233218588640277,15.705679862306368,0.04302925989672978,4.324440619621343
E02000084,39.699769053117784,41.70900692840647,0.5080831408775982,4.180138568129331,10.854503464203233,0.023094688221709007,3.02540415704388
E02000085,36.62590153653183,42.67795547193477,0.5644402634054563,3.8570084666039515,12.51175917215428,0.03135779241141424,3.731577296958294
E02000086,42.812281926029314,41.45150034891835,0.48848569434752265,1.57013258897418,10.956036287508724,0.0,2.721563154221912
E02000087,40.45204288611997,36.27933932193567,1.0141987829614605,4.810199942045784,13.561286583598955,0.057954216169226316,3.8249782671689365
E02000088,41.704918032786885,43.114754098360656,0.39344262295081966,3.7704918032786887,8.754098360655737,0.0,2.262295081967213
E02000089,40.709742216270506,43.220622698359556,0.3013056578506863,5.222631402745229,7.733511884834282,0.06695681285570808,2.7452293270840307
E02000090,30.259301014656142,30.68771138669673,1.7361894024802704,9.447576099210824,22.412626832018038,0.0,5.456595264937993
E02000091,34.89307643446962,28.181240736819817,1.5456277789540547,13.868304044039807,15.668007622273977,0.0,5.843743383442727
E02000092,24.7954464603344,27.2145144076841,2.525791533262184,31.056563500533617,10.95695482034863,0.0,3.450729277837069
E02006785,32.9368029739777,34.98141263940521,0.929368029739777,14.312267657992564,12.490706319702602,0.03717472118959108,4.312267657992565
E02000093,30.133128520225295,23.09267793138761,2.713773681515617,9.90783410138249,29.877112135176652,0.051203277009728626,4.224270353302612
E02000094,22.525689561925365,25.905895078420766,3.299080584099513,14.115738236884804,27.82585181179016,0.1081665765278529,6.219578150351541
E02000095,31.734539969834085,20.51282051282051,0.6636500754147813,10.889894419306184,32.126696832579185,0.09049773755656108,3.981900452488688
E02000096,39.80769230769231,28.34615384615385,0.46153846153846156,4.153846153846154,23.26923076923077,0.038461538461538464,3.923076923076923
E02000097,29.725415070242654,25.255427841634738,0.5108556832694764,9.897828863346104,31.57726692209451,0.031928480204342274,3.001277139208174
E02000098,23.59060402684564,20.87248322147651,0.9395973154362416,21.57718120805369,29.42953020134228,0.06711409395973154,3.523489932885906
E02000099,24.050632911392405,19.253830779480346,0.9993337774816788,13.324450366422386,39.473684210526315,0.06662225183211193,2.8314457028647566
E02000100,36.98786039453717,27.23823975720789,0.7966616084977238,10.12898330804249,22.19271623672231,0.0,2.655538694992413
E02000101,18.582046883933675,16.20926243567753,1.2006861063464835,29.702687249857064,30.960548885077188,0.17152658662092624,3.1732418524871355
E02000102,21.920225908930462,12.566184256971408,3.0356512530885986,21.426050123543945,35.54535827744441,0.1411930815390046,5.365337098482175
E02000103,21.551724137931032,15.93437152391546,2.057842046718576,24.77753058954394,31.70189098998888,0.25027808676307006,3.7263626251390436
E02000104,26.67194301543332,21.44835773644638,2.453502176493866,14.641867827463395,30.273051048674315,0.07914523149980214,4.43213296398892
E02000105,21.574074074074073,20.37037037037037,1.2037037037037037,12.932098765432098,39.783950617283956,0.0925925925925926,4.04320987654321
E02000106,19.41517386722866,12.513171759747102,0.8166491043203371,17.544783983140146,44.072708113804005,0.10537407797681769,5.53213909378293
E02000107,15.805147840884917,14.67772814294831,1.2125079770261646,17.251648585407363,43.65028717294193,0.1914486279514997,7.211231652839821
E02000108,23.516949152542374,25.338983050847457,2.754237288135593,12.669491525423728,32.03389830508475,0.0847457627118644,3.6016949152542375
E02000110,23.010219882316505,18.73645091359554,0.9290802105915144,20.346856611954163,32.672654072468255,0.12387736141220192,4.180860947661815
E02000111,20.940683043738765,18.094667465548234,0.9886159376872379,13.481126423007789,41.88136608747753,0.05991611743559017,4.553624925104853
E02000112,22.469847928683798,13.948610382800208,2.228631358154169,11.116937598321972,41.84583114840063,0.05243838489774515,8.33770319874148
E02000113,9.7179558782463,8.293772689192963,0.9494554593688914,53.504607651494,19.072884669086847,0.30717676626640605,8.154146886344597
E02000114,14.500127194098194,13.253625031798524,1.399135080132282,19.15543118799288,45.78987534978377,0.15263291783261257,5.74917323836174
E02000115,13.013205282112844,14.6218487394958,0.9363745498199281,24.441776710684273,39.87995198079231,0.16806722689075632,6.938775510204081
E02000116,9.889470622454915,9.714950552646888,2.9959278650378125,32.024432809773124,39.15066899360093,0.37812681791739383,5.846422338568935
E02000117,8.785228377065112,10.43731778425656,3.0320699708454812,43.18756073858115,26.919339164237122,0.13605442176870747,7.50242954324587
E02000118,21.251122418437593,22.298712960191562,1.0176593834181382,16.462137084705176,33.373241544447765,0.029931158335827598,5.567195450463933
E02000119,4.518348623853211,10.022935779816514,4.839449541284404,48.69266055045872,22.224770642201836,0.34403669724770647,9.357798165137615
E02000120,12.45436976594374,15.804165771956194,0.6441915396177796,21.709254885119176,40.39080953403479,0.1073652566029633,8.88984324672536
E02000121,20.599054125065685,17.94534944823962,5.044666316342617,13.321071991592223,38.3342091434577,0.05254860746190226,4.7031003678402525
E02000122,24.557190033023115,25.427799459621735,0.990693485439808,17.11197838486941,26.628640048033624,0.15010507355148606,5.133593515460823
E02000123,9.102730819245773,10.89076723016905,1.3654096228868662,31.22561768530559,37.22366710013004,0.21131339401820548,9.980494148244473
E02000124,18.155872667398462,21.031833150384195,0.7464324917672887,18.594950603732162,32.777167947310645,0.02195389681668496,8.67178924259056
E02000125,22.477833692786962,23.4124131320393,0.6230529595015576,19.530313922837287,28.229091780493647,0.14378145219266716,5.583513060148574
E02000126,4.989384288747346,9.049893842887473,2.20276008492569,56.104033970276014,17.8343949044586,0.18577494692144375,9.63375796178344
E02006955,4.456757407853529,7.75716694772344,3.1558660563719587,12.238014936159962,37.60539629005059,0.07227174174897615,34.71452662009155
E02006956,22.905927835051546,14.787371134020619,0.9987113402061855,8.698453608247423,33.118556701030926,0.19329896907216496,19.297680412371133
E02000127,18.604060913705585,28.45177664974619,0.9644670050761422,31.395939086294415,16.6497461928934,0.10152284263959391,3.83248730964467
E02000128,31.716535433070863,37.98425196850393,0.40944881889763785,11.37007874015748,14.99212598425197,0.0,3.52755905511811
E02000130,22.068425176286237,34.317054061112565,1.149125097936798,16.740663358579262,21.311047270827892,0.05223295899712719,4.36145207626012
E02000131,9.940542549238202,28.725380899293945,1.244890375325158,21.497584541062803,32.683017465626165,0.055741360089186176,5.852842809364549
E02000132,22.125402538359538,26.160257624550106,1.9511271074067058,12.293995074824778,31.06648986550483,0.018942981625307824,6.383784807728737
E02000133,38.81288614298323,38.261253309797,1.1253309796999118,3.309796999117388,13.989408649602824,0.0,4.501323918799647
E02000134,20.934347903026012,29.23376393558662,0.28313572818970095,13.678994868164926,29.53459564678818,0.12387188108299416,6.2112900371615645
E02000135,7.494243248900983,17.019049612727656,1.9258949131253926,43.16516642244086,23.194473518944942,0.1256018421603517,7.075570441699812
E02000136,36.473530637765734,32.13839099624844,0.41684035014589416,18.090871196331804,8.46185910796165,0.041684035014589414,4.376823676531888
E02000137,31.77714727882383,33.22156306422492,0.41269022440030956,6.2677327830797,23.110652566417333,0.025793139025019347,5.184420944028888
E02000138,35.96070367831848,26.822024217500573,0.38839387708476125,3.7468585789353437,27.62165867032214,0.02284669865204478,5.437514279186657
E02000139,23.10573321809277,38.80726015557477,1.0371650821089022,12.935753385191587,19.44684528954192,0.02881014116969173,4.638432728320368
E02000140,17.78735632183908,26.810344827586206,1.5229885057471264,40.143678160919535,9.626436781609195,0.0,4.109195402298851
E02000141,23.333333333333332,35.60606060606061,0.8484848484848486,12.666666666666668,21.242424242424242,0.0,6.303030303030303
E02000142,32.44739756367663,38.759689922480625,0.3599114064230343,5.232558139534884,18.826135105204873,0.0,4.374307862679956
E02000144,25.504229017566686,30.7525482541748,1.3879852526566905,5.22663196703535,30.600737367165475,0.04337453914552158,6.484493602255476
E02000145,20.476973684210524,27.713815789473685,2.1655701754385968,31.880482456140353,14.089912280701755,0.0,3.6732456140350878
E02000146,25.63193952279707,38.69596031183558,1.4174344436569808,7.8431372549019605,21.828490432317505,0.0,4.5830380344909045
E02000147,41.303030303030305,36.3939393939394,0.06060606060606061,4.03030303030303,14.121212121212121,0.030303030303030304,4.0606060606060606
E02000148,41.20549876630243,36.34120549876631,0.28198801550934083,6.908706379978851,10.398308071906943,0.0,4.86429326753613
E02000149,29.136163982430453,33.46998535871157,1.083455344070278,18.799414348462665,13.616398243045388,0.05856515373352855,3.83601756954612
E02000150,35.14436510400497,42.09872710338404,0.5277864017385905,8.87923005277864,10.058987891959019,0.0,3.290903446134741
E02000151,45.82924435721296,41.31501472031404,0.13084723585214264,2.1589793915603535,7.75269872423945,0.03271180896303566,2.780503761858031
E02000152,23.723536737235367,34.83810709838107,1.0585305105853051,26.245330012453298,10.523038605230386,0.0,3.61145703611457
E02000153,41.902834008097166,46.963562753036435,0.1349527665317139,3.8124156545209176,4.8582995951417,0.0,2.327935222672065
E02000154,35.014678409394186,33.33333333333333,0.7205764611689351,7.499332799572992,18.788364024552976,0.0,4.643714971977582
E02000155,44.76707083599234,33.47160178685386,0.8296107211231653,8.104658583280152,9.795788130185066,0.031908104658583285,2.9993618379068283
E02000156,43.8391442155309,35.756735340729,0.4358161648177496,5.11093502377179,11.152931854199682,0.019809825673534072,3.6846275752773376
E02000157,47.67407407407408,38.51851851851852,0.11851851851851852,1.8962962962962964,8.977777777777778,0.0,2.814814814814815
E02000158,38.063279002876314,29.849792265899648,0.8948545861297539,20.389900926813677,7.606263982102908,0.1278363694471077,3.068072866730585
E02000159,44.481943975700304,37.79952750590618,0.3374957813027337,2.632467094161323,9.956125548430645,0.0,4.792440094498819
E02000160,43.0622009569378,38.9792663476874,0.6379585326953748,3.3173843700159487,10.940988835725678,0.09569377990430622,2.9665071770334928
E02000161,44.7934845840605,39.9650959860384,0.08726003490401396,2.3851076207097153,10.063990692262943,0.0,2.7050610820244327
E02000162,38.701298701298704,31.396103896103895,0.3246753246753247,16.201298701298704,9.642857142857144,0.0,3.7337662337662336
E02000163,43.194706994328925,38.05923125393825,0.4410838059231254,6.175173282923756,8.758664146187774,0.0315059861373661,3.3396345305608066
E02000165,37.53551136363637,46.377840909090914,0.6036931818181818,4.438920454545454,8.309659090909092,0.07102272727272728,2.663352272727273
E02006782,30.76923076923077,33.85214007782101,0.9278659084106555,17.449865309787487,12.660879976055073,0.059862316671655195,4.280155642023346
E02006787,32.35294117647059,39.361702127659576,1.0638297872340425,8.729662077596997,15.206508135168962,0.0,3.2853566958698375
E02006789,50.18764926646195,30.228590924599114,0.5458887751620608,4.947117024906175,9.211873080859775,0.0,4.8788809280109176
E02000166,23.15086782376502,17.06275033377837,0.774365821094793,32.496662216288385,16.715620827770362,0.4539385847797063,9.345794392523365
E02000167,29.0913718503436,16.11096971239501,0.3563247645711377,8.068210740646474,32.01832527360652,0.2545176889793841,14.100279969457878
E02000168,18.572544933576452,18.286011982287054,0.4949205522271425,25.605626465225317,27.84579317530607,0.20838760093774422,8.98671529044022
E02000169,24.646912212683468,17.640542785931874,0.7477153143173636,7.39407366380504,33.31487122680698,0.08307947936859596,16.17280531708668
E02000170,18.0327868852459,20.55485498108449,0.605296343001261,10.34047919293821,37.75535939470366,0.025220680958385876,12.686002522068096
E02000171,20.027210884353742,17.85034013605442,0.9523809523809524,24.353741496598637,27.346938775510203,0.0816326530612245,9.387755102040817
E02000172,9.756647138350608,10.50022532672375,0.8337088778729157,50.405588102748986,18.97251013970257,0.47318611987381703,9.058134294727354
E02000173,17.51262929997594,12.436853500120279,0.21650228530190038,14.072648544623526,39.90858792398364,0.12027904738994466,15.732499398604762
E02000174,12.397540983606557,13.857581967213115,0.2305327868852459,38.60143442622951,25.69159836065574,0.17930327868852458,9.042008196721312
E02000175,12.259266928970801,13.853799958583558,0.7247877407330711,18.823773037896043,43.30089045351004,0.26920687512942637,10.768275005177056
E02000176,18.775158136860266,14.462334675100633,0.4025301897642324,8.82691201840138,43.7607820586544,0.02875215641173088,13.74353076480736
E02000177,10.917248255234297,11.76470588235294,0.24925224327018944,42.44765702891326,25.423728813559322,0.27417746759720835,8.923230309072782
E02000178,7.719966159052453,12.944162436548224,0.9094754653130288,28.214890016920474,38.02876480541455,0.2961082910321489,11.88663282571912
E02000179,17.467105263157894,12.5,0.1644736842105263,24.605263157894736,28.848684210526315,0.2631578947368421,16.151315789473685
E02000180,11.556781148157432,11.957884181499123,0.8523439458510905,34.19403359237904,29.305590373527203,0.22562045625470042,11.907746302331411
E02000181,15.68911416847695,16.051170649287954,0.4586048756939416,15.858073859522085,42.33647115616703,0.09654839488293508,9.510016895969105
E02000182,15.69054753473168,11.168618904930536,0.9261781530918006,17.515663307000818,38.518114955053115,0.16344320348678834,16.017433941705256
E02000183,16.529508582177286,12.814483893722079,0.3526922172584058,27.651069833059015,27.486480131671758,0.1881025158711498,14.977662826240302
E02000184,8.15976476353835,8.257779955893163,2.0828228375398186,39.1815731438373,30.97280078412154,0.3675569713305562,10.977701543739279
E02000185,7.371441182961819,9.114985654380932,0.9490178768483779,40.69741778856765,31.229309203266386,0.48554403001544916,10.152284263959391
E02000186,11.908020804817959,8.75992335067068,0.4927456884752259,24.226663016698605,34.93019436079934,0.16424856282507527,19.518204215713112
E02000187,5.915684496826836,4.465095194922938,1.1786038077969174,55.621033544877605,18.970988213961924,0.3626473254759746,13.485947416137806
E02000188,6.09202851587816,4.309786130913804,0.42125729099157483,58.943616331821126,17.822423849643553,0.5184705119896306,11.892417368762151
E02000191,10.652463382157123,6.225033288948069,0.5992010652463382,17.010652463382154,35.45272969374168,0.1997336884154461,29.860186418109187
E02000192,8.020523899540914,7.07534431541993,0.24304617877396706,42.34404536862004,25.35781798541723,0.4050769646232784,16.554145287604644
E02000193,9.92478061011283,5.265357292101964,0.7939824488090262,22.23150856665274,26.368575010447138,0.1880484747179273,35.22774759715838
E02007115,8.24964131994261,5.05738880918221,0.41248206599713055,40.38737446197992,25.64562410329986,0.3945480631276901,19.852941176470587
E02000001,15.212344667486002,9.285811825754472,0.1638672675133142,9.968592107059948,32.404752150757886,0.06827802813054759,32.896353953297826
E02000194,17.32804232804233,27.667548500881832,1.0802469135802468,21.075837742504408,25.37477954144621,0.13227513227513227,7.341269841269841
E02000195,31.398850260060225,36.709553791404325,1.5056118258965234,7.418560087599234,18.56008759923351,0.027374760470845878,4.379961675335341
E02000196,26.6553480475382,26.213921901528014,0.8149405772495755,18.33616298811545,23.157894736842106,0.3395585738539898,4.482173174872665
E02000197,22.819932049830125,25.990939977349942,1.2174405436013591,15.005662514156285,28.822197055492637,0.05662514156285391,6.087202718006795
E02000198,16.90066225165563,26.94039735099338,1.5629139072847682,19.04635761589404,28.000000000000004,0.2913907284768212,7.258278145695364
E02000199,24.447717231222384,33.578792341678934,0.7363770250368188,10.36818851251841,25.15463917525773,0.17673048600883653,5.537555228276878
E02000200,16.26321974148061,31.30434782608696,0.7285546415981199,12.45593419506463,33.11398354876616,0.1410105757931845,5.99294947121034
E02000201,12.505932605600378,21.143806359753203,0.5220692928334125,26.8391077361177,29.401993355481725,0.23730422401518747,9.349786426198387
E02000202,26.96979134226098,30.67580193086266,0.5294300840859545,7.131734662099035,29.212083463095606,0.06228589224540642,5.4188726253503585
E02000203,15.802027429934407,21.705426356589147,2.2957662492546214,19.648181276088252,33.24388789505068,0.2385211687537269,7.0661896243291595
E02000204,27.019906323185012,25.08782201405152,1.0831381733021077,11.065573770491802,30.005854800936767,0.20491803278688525,5.532786885245901
E02000206,12.634920634920634,22.87830687830688,1.925925925925926,23.703703703703706,33.1005291005291,0.2751322751322752,5.481481481481482
E02000207,16.147757255936675,27.203166226912927,2.5329815303430077,25.356200527704488,22.559366754617415,0.13192612137203166,6.068601583113456
E02000208,9.51627486437613,17.65370705244123,3.52622061482821,28.684448462929474,32.662748643761304,0.5877034358047016,7.368896925858952
E02000209,18.325581395348838,30.23255813953488,0.6821705426356589,18.046511627906977,27.53488372093023,0.15503875968992248,5.023255813953488
E02000210,22.596823627751466,34.55001393145723,1.7275006965728614,12.231819448314294,24.85371969908052,0.05572582892170522,3.9843967679019223
E02000211,40.05273952534427,40.1406387342514,0.23439789041898623,5.947846469381775,10.020509815411662,0.02929973630237328,3.57456782888954
E02000212,14.969538729329852,22.628372497824195,2.030751378009864,24.68813460980563,29.852045256744997,0.4641717435451117,5.366985784740354
E02000213,8.074642483432159,13.428671084757587,1.8486222532263692,25.305197070108125,45.1866062085804,0.12207882804325079,6.03418207185211
E02000214,37.946611909650926,35.68788501026694,0.9034907597535934,5.215605749486653,15.728952772073923,0.0,4.517453798767967
E02000215,14.468538926413082,20.245289726270883,1.1020263064344118,15.854959118378956,41.397084962673304,0.33771773906861,6.594383220760753
E02000216,24.887604367373154,22.575465639049455,0.2890173410404624,10.950545921644188,35.74181117533718,0.03211303789338471,5.523442517662171
E02000217,12.313568570389233,24.49981811567843,2.091669698072026,19.87995634776282,32.32084394325209,0.21826118588577662,8.675882138959622
E02000218,29.188748471259686,26.57969832857725,0.24459845087647777,30.94170403587444,8.479412963717897,0.40766408479412963,4.158173664900122
E02000219,47.89049919484702,34.78260869565217,0.25764895330112725,2.8019323671497585,10.305958132045088,0.032206119162640906,3.92914653784219
E02000221,16.714082503556188,25.912754860123282,2.7027027027027026,29.27927927927928,19.677572309151255,0.26078710289236606,5.4528212422949265
E02000222,22.291181794672873,32.71269718127748,1.1119731057667444,9.387121799844842,28.497543315231443,0.0517196793379881,5.947763123868632
E02000223,10.919143054595715,14.409122322045611,0.2073255010366275,61.506565307532824,8.880442294402211,0.414651002073255,3.6627505183137528
E02000224,20.465512347431165,33.38064149872268,1.3908600624467784,8.543854669315925,28.839057621345443,0.22707919386886177,7.152994606869146
E02000225,24.125364431486883,26.27551020408163,0.9110787172011662,36.224489795918366,8.965014577259476,0.36443148688046645,3.1341107871720117
E02000226,45.770971110337626,39.15767490428124,0.5221023320570832,2.1928297946397493,9.119387399930385,0.034806822137138885,3.202227636616777
E02000227,32.25419664268585,35.31175059952039,0.5995203836930456,12.589928057553957,15.727418065547564,0.1798561151079137,3.337330135891287
E02000228,47.011308562197094,38.38449111470113,0.16155088852988692,2.2617124394184165,9.337641357027463,0.03231017770597738,2.8109854604200324
E02000229,16.804293971924032,21.180842279108177,0.7844756399669695,43.10487200660611,10.198183319570603,0.2477291494632535,7.679603633360859
E02000230,28.323949761801646,31.76699870073625,2.1654395842355996,8.943265482893027,20.29016890428757,0.12992637505413598,8.380251190991771
E02000231,36.997595328065955,42.08175884575747,0.20611473720371004,2.713844039848849,12.538646513225697,0.0,5.462040535898317
E02000232,42.463533225283626,36.70988654781199,0.9319286871961102,9.562398703403566,6.239870340356564,0.0,4.0923824959481365
E02000233,25.346534653465348,41.46534653465346,1.5841584158415842,12.950495049504951,13.346534653465348,0.15841584158415842,5.148514851485149
E02000234,25.354969574036513,34.20385395537525,4.614604462474645,14.705882352941178,15.365111561866126,0.07606490872210953,5.679513184584178
E02000235,35.25990548891313,41.1123227917121,1.1995637949836424,9.414758269720101,9.560159941839332,0.0,3.4532897128316975
E02000236,31.415149735760423,50.088079859072224,0.6459189665296535,7.193188490898414,7.751027598355844,0.02935995302407516,2.877275396359366
E02000237,41.29337539432177,36.56151419558359,0.1892744479495268,11.38801261829653,6.1198738170347005,0.15772870662460567,4.290220820189274
E02006788,18.40369393139842,32.65171503957784,0.395778364116095,30.013192612137203,13.852242744063325,0.13192612137203166,4.5514511873350925
E02006987,4.510578935131364,14.392001860032549,3.6735642873750294,11.904208323645664,55.56847244826785,0.09300162752848175,9.858172518019066
E02006988,12.424574876577072,20.78990674712013,0.603400987383434,13.74108612177729,42.92375205704882,0.21941854086670326,9.29786066922655
E02000238,20.004915212582944,25.583681494224624,0.9338903907594004,15.753256328336201,29.442123371835834,0.07372818874416319,8.208405013516835
E02000239,33.37653920933247,29.52041477640959,0.712896953985742,2.851587815942968,28.45106934543098,0.0,5.08749189889825
E02000240,17.830609212481427,24.591381872213965,1.7087667161961366,30.0148588410104,21.545319465081725,0.8172362555720655,3.4918276374442794
E02000241,25.65619223659889,29.500924214417743,0.4066543438077634,8.724584103512015,31.64510166358595,0.18484288354898337,3.8817005545286505
E02000242,29.982891360136872,27.97262617621899,0.7271171941830624,4.448246364414029,32.24978614200171,0.0427715996578272,4.5765611633875105
E02000243,25.75477510782502,23.413431916204562,1.0166358595194085,15.773259396179915,29.852125693160815,0.49291435613062234,3.6968576709796674
E02000244,25.430894308943092,23.70731707317073,1.0731707317073171,7.154471544715448,38.146341463414636,0.06504065040650406,4.4227642276422765
E02000245,11.439220183486238,19.00802752293578,5.103211009174312,36.58256880733945,23.767201834862387,0.22935779816513763,3.8704128440366974
E02000246,17.488226059654632,26.907378335949765,0.43956043956043955,29.5447409733124,21.50706436420722,0.5965463108320251,3.5164835164835164
E02000247,17.6456009913259,25.130111524163567,3.32094175960347,23.742255266418834,26.195786864931847,0.4213135068153655,3.543990086741016
E02000248,22.265391512253437,17.782426778242677,1.7632994620442317,4.393305439330543,43.03646144650329,0.059772863120143446,10.699342498505679
E02000249,24.620962425840474,23.005932762030323,2.4390243902439024,14.864864864864865,30.65260382333553,0.4614370468029005,3.955174686882004
E02000250,35.91975775927328,31.150643451930353,1.2112036336109009,4.69341408024224,23.23996971990916,0.0757002271006813,3.709311127933384
E02000251,32.36842105263158,29.022556390977446,0.9398496240601504,5.676691729323308,27.481203007518793,0.07518796992481204,4.43609022556391
E02000252,14.679294016358158,11.536805854498493,3.486870426173052,20.469220835126993,44.57597933706414,0.17219113215669393,5.079638398622471
E02000253,17.372667675239537,20.75138678769541,1.0842158345940494,39.4856278366112,17.423096318709028,0.7312153303076148,3.151790216843167
E02000254,32.85451197053407,24.56721915285451,0.3314917127071823,6.887661141804788,31.34438305709024,0.07366482504604051,3.9410681399631677
E02000255,24.79570990806946,24.69356486210419,0.7150153217568949,18.462717058222676,28.013278855975486,0.15321756894790603,3.166496424923391
E02000256,20.16052880075543,19.877242681775257,1.534466477809254,9.726156751652502,43.7204910292729,0.0708215297450425,4.910292728989613
E02000258,19.841269841269842,19.40836940836941,0.5772005772005772,15.873015873015872,38.05916305916306,0.1443001443001443,6.096681096681096
E02000259,28.31179321486268,28.715670436187402,1.6558966074313408,9.975767366720516,28.029079159935378,0.16155088852988692,3.150242326332795
E02000260,26.74224741580527,15.471823941313772,0.6335445148382794,12.704234744914972,36.07869289763254,0.20006668889629878,8.169389796598866
E02000261,14.730878186968837,15.637393767705381,4.589235127478754,21.038715769593956,37.65816808309726,0.33994334277620397,6.005665722379604
E02000262,13.668898637728008,18.286769799122602,1.662433618102055,21.219117986608175,36.088663126298776,0.1847148464557839,8.8894019856846
E02000263,25.08176100628931,15.446540880503147,2.0125786163522013,16.0251572327044,32.9559748427673,0.2012578616352201,8.276729559748428
E02000264,21.595124536301007,20.535241123476418,0.8479067302596714,9.697933227344992,41.149973502914676,0.052994170641229466,6.120826709062003
E02000265,16.52381901534782,20.72951963324696,2.2922064979071157,22.045046840741477,32.449671118198125,0.2989834562487542,5.660753438309746
E02000266,13.04803859869939,17.453324942311728,5.055590518145584,36.14432557163835,18.01971890077617,0.4405286343612335,9.838472834067547
E02000267,21.924337205838544,27.256478999106342,3.4554661900506405,13.226094727435209,29.93744414655943,0.08936550491510277,4.110813226094727
E02000268,23.148602256007848,23.688082393330063,0.8337420304070623,15.669445806768023,31.14271701814615,0.2697400686611084,5.247670426679745
E02000269,28.94661718526977,27.576363117328007,0.3140165572366543,5.452469312018271,32.1153297173851,0.0,5.595204110762204
E02000270,8.598089313485891,21.461897356143076,5.954232392801599,30.682070650966452,24.52788269273495,0.2221728504776716,8.553654743390357
E02000271,27.517416086130464,30.208993033565545,0.5383153894870171,5.953134895503483,30.018999366687776,0.031665611146295125,5.7314756174794175
E02000272,36.61759154397886,32.08758021895054,0.7172517931294828,6.153265383163458,20.15855039637599,0.11325028312570783,4.152510381275953
E02000275,19.56117515805132,16.92078839717367,0.7065823726292302,17.88769059129788,31.79620676831536,0.4462625511342506,12.68129416139829
E02000276,22.426981919332405,28.99860917941586,0.521557719054242,10.361613351877608,32.33657858136301,0.06954102920723226,5.285118219749652
E02006791,17.760087839692563,26.8734559429042,1.0156464452374416,13.203403788086742,35.657425199011804,0.16469942355201758,5.325281361515235
E02006968,23.411458333333332,16.953125,0.4166666666666667,10.078125,41.848958333333336,0.0,7.291666666666667
E02006969,11.46291410143653,13.251245968924069,2.7264731750219875,10.407505130460276,49.19378481383758,0.20521841102316035,12.752858399296395
E02006970,15.027075812274369,17.509025270758123,3.6101083032490973,10.559566787003611,44.62996389891697,0.22563176895306858,8.438628158844764
E02006971,24.894514767932492,18.059071729957807,1.3080168776371308,12.953586497890296,36.49789029535865,0.08438818565400844,6.2025316455696204
E02000277,26.523166727471725,25.57460780736957,0.6931776723823422,13.4987230937614,29.405326523166725,0.18241517694272164,4.122582998905509
E02000278,18.23394495412844,18.2052752293578,1.146788990825688,32.25344036697248,25.602064220183486,0.34403669724770647,4.214449541284404
E02000279,12.88832913518052,22.103274559193956,4.240134340890008,23.509655751469353,29.80688497061293,0.20990764063811923,7.241813602015113
E02000280,28.958391510751184,30.661826305501254,0.9494554593688914,18.961184026808155,15.442613795029322,0.2513264451270595,4.77520245741413
E02000281,19.894736842105264,26.736842105263158,1.8157894736842106,20.36842105263158,24.289473684210527,0.3157894736842105,6.578947368421052
E02000282,12.992341356673961,16.95842450765864,0.6291028446389497,33.39715536105033,30.25164113785558,0.6291028446389497,5.142231947483588
E02000283,23.99041752224504,27.618069815195074,0.5475701574264202,16.290212183436005,27.27583846680356,0.10266940451745381,4.175222450376454
E02000284,27.933840903124178,30.58545550013127,0.8926227356261486,10.895248096613285,24.547125229719086,0.13126804935678654,5.0144394854292464
E02000285,42.964724534284585,38.367023384859294,0.23781212841854932,3.329369797859691,12.604042806183116,0.0,2.4970273483947683
